400
1E11
0.0 0.0 0.0 0.0 9.0E30 blackhole.gif
-5.0E8 0.0 0.0 -1095718.9420649805 6.0E11 star.gif
-1.0E9 0.0 0.0 -774790.2942086975 3.0E11 star.gif
-1.5E9 0.0 0.0 -632613.6261573884 2.0E11 star.gif
-2.0E9 0.0 0.0 -547859.4710324903 1.5E11 star.gif
-2.5E9 0.0 0.0 -490020.40773829 1.2E11 star.gif
-3.0E9 0.0 0.0 -447325.38492690085 1.0E11 star.gif
-3.5E9 0.0 0.0 -414142.8325038183 8.571428571428572E10 star.gif
-4.0E9 0.0 0.0 -387395.14710434875 7.5E10 star.gif
-4.5E9 0.0 0.0 -365239.6473549935 6.6666666666666664E10 star.gif
-5.0E9 0.0 0.0 -346496.75323154184 6.0E10 star.gif
-5.5E9 0.0 0.0 -330371.6915013369 5.4545454545454544E10 star.gif
-6.0E9 0.0 0.0 -316306.8130786942 5.0E10 star.gif
-6.5E9 0.0 0.0 -303897.7560855726 4.615384615384615E10 star.gif
-7.0E9 0.0 0.0 -292843.20524325443 4.285714285714286E10 star.gif
-7.5E9 0.0 0.0 -282913.41431611194 4.0E10 star.gif
-8.0E9 0.0 0.0 -273929.7355162451 3.75E10 star.gif
-8.5E9 0.0 0.0 -265750.87847787957 3.529411764705882E10 star.gif
-9.0E9 0.0 0.0 -258263.43140289915 3.3333333333333332E10 star.gif
-9.5E9 0.0 0.0 -251375.16520971304 3.157894736842105E10 star.gif
-1.0E10 0.0 0.0 -245010.203869145 3.0E10 star.gif
-1.05E10 0.0 0.0 -239105.47582903362 2.857142857142857E10 star.gif
-1.1E10 0.0 0.0 -233608.06337266543 2.7272727272727272E10 star.gif
-1.15E10 0.0 0.0 -228473.19317591726 2.6086956521739132E10 star.gif
-1.2E10 0.0 0.0 -223662.69246345042 2.5E10 star.gif
-1.25E10 0.0 0.0 -219143.7884129961 2.4E10 star.gif
-1.3E10 0.0 0.0 -214888.16411548376 2.3076923076923077E10 star.gif
-1.35E10 0.0 0.0 -210871.20871912947 2.222222222222222E10 star.gif
-1.4E10 0.0 0.0 -207071.41625190916 2.142857142857143E10 star.gif
-1.45E10 0.0 0.0 -203469.89949375804 2.068965517241379E10 star.gif
-1.5E10 0.0 0.0 -200049.99375156203 2.0E10 star.gif
-1.55E10 0.0 0.0 -196796.9315260391 1.9354838709677418E10 star.gif
-1.6E10 0.0 0.0 -193697.57355217438 1.875E10 star.gif
-1.65E10 0.0 0.0 -190740.18502092888 1.818181818181818E10 star.gif
-1.7E10 0.0 0.0 -187914.24827799076 1.764705882352941E10 star.gif
-1.75E10 0.0 0.0 -185210.30517456945 1.7142857142857143E10 star.gif
-1.8E10 0.0 0.0 -182619.82367749675 1.6666666666666666E10 star.gif
-1.85E10 0.0 0.0 -180135.08444678024 1.6216216216216217E10 star.gif
-1.9E10 0.0 0.0 -177749.0839416768 1.5789473684210526E10 star.gif
-1.95E10 0.0 0.0 -175455.45128212855 1.5384615384615385E10 star.gif
-2.0E10 0.0 0.0 -173248.37661577092 1.5E10 star.gif
-2.05E10 0.0 0.0 -171122.5491548916 1.4634146341463415E10 star.gif
-2.1E10 0.0 0.0 -169073.1033775458 1.4285714285714285E10 star.gif
-2.15E10 0.0 0.0 -167095.5721512636 1.3953488372093023E10 star.gif
-2.2E10 0.0 0.0 -165185.84575066846 1.3636363636363636E10 star.gif
-2.25E10 0.0 0.0 -163340.13591276333 1.3333333333333334E10 star.gif
-2.3E10 0.0 0.0 -161554.94421403512 1.3043478260869566E10 star.gif
-2.35E10 0.0 0.0 -159827.03416839038 1.276595744680851E10 star.gif
-2.4E10 0.0 0.0 -158153.4065393471 1.25E10 star.gif
-2.45E10 0.0 0.0 -156531.27743785435 1.2244897959183674E10 star.gif
-2.5E10 0.0 0.0 -154958.0588417395 1.2E10 star.gif
-2.55E10 0.0 0.0 -153431.3412265833 1.1764705882352942E10 star.gif
-2.6E10 0.0 0.0 -151948.8780427863 1.1538461538461538E10 star.gif
-2.65E10 0.0 0.0 -150508.57181130664 1.1320754716981133E10 star.gif
-2.7E10 0.0 0.0 -149108.46164230027 1.111111111111111E10 star.gif
-2.75E10 0.0 0.0 -147746.71200771577 1.090909090909091E10 star.gif
-2.8E10 0.0 0.0 -146421.60262162721 1.0714285714285715E10 star.gif
-2.85E10 0.0 0.0 -145131.5193014145 1.0526315789473684E10 star.gif
-2.9E10 0.0 0.0 -143874.94569938158 1.0344827586206896E10 star.gif
-2.95E10 0.0 0.0 -142650.45580850026 1.0169491525423729E10 star.gif
-3.0E10 0.0 0.0 -141456.70715805597 1.0E10 star.gif
-3.05E10 0.0 0.0 -140292.4346253737 9.836065573770493E9 star.gif
-3.1E10 0.0 0.0 -139156.4447987669 9.677419354838709E9 star.gif
-3.15E10 0.0 0.0 -138047.6108346061 9.523809523809525E9 star.gif
-3.2E10 0.0 0.0 -136964.86775812256 9.375E9 star.gif
-3.25E10 0.0 0.0 -135907.2081633981 9.23076923076923E9 star.gif
-3.3E10 0.0 0.0 -134873.67827307555 9.09090909090909E9 star.gif
-3.35E10 0.0 0.0 -133863.37432275727 8.955223880597015E9 star.gif
-3.4E10 0.0 0.0 -132875.43923893978 8.823529411764706E9 star.gif
-3.45E10 0.0 0.0 -131909.05958272918 8.695652173913044E9 star.gif
-3.5E10 0.0 0.0 -130963.46273456796 8.571428571428572E9 star.gif
-3.55E10 0.0 0.0 -130037.91429782922 8.450704225352113E9 star.gif
-3.6E10 0.0 0.0 -129131.71570144958 8.333333333333333E9 star.gif
-3.65E10 0.0 0.0 -128244.20198381583 8.219178082191781E9 star.gif
-3.7E10 0.0 0.0 -127374.73974192969 8.1081081081081085E9 star.gif
-3.75E10 0.0 0.0 -126522.72523147769 8.0E9 star.gif
-3.8E10 0.0 0.0 -125687.58260485652 7.894736842105263E9 star.gif
-3.85E10 0.0 0.0 -124868.76227546981 7.792207792207792E9 star.gif
-3.9E10 0.0 0.0 -124065.73939773902 7.692307692307693E9 star.gif
-3.95E10 0.0 0.0 -123278.01245327725 7.59493670886076E9 star.gif
-4.0E10 0.0 0.0 -122505.1019345725 7.5E9 star.gif
-4.05E10 0.0 0.0 -121746.54911833115 7.407407407407408E9 star.gif
-4.1E10 0.0 0.0 -121001.91492135216 7.317073170731708E9 star.gif
-4.15E10 0.0 0.0 -120270.77883244897 7.228915662650602E9 star.gif
-4.2E10 0.0 0.0 -119552.73791451681 7.142857142857142E9 star.gif
-4.25E10 0.0 0.0 -118847.4058713649 7.058823529411765E9 star.gif
-4.3E10 0.0 0.0 -118154.41217440451 6.976744186046512E9 star.gif
-4.35E10 0.0 0.0 -117473.4012447073 6.896551724137931E9 star.gif
-4.4E10 0.0 0.0 -116804.03168633272 6.818181818181818E9 star.gif
-4.45E10 0.0 0.0 -116145.97556716908 6.741573033707865E9 star.gif
-4.5E10 0.0 0.0 -115498.91774384728 6.666666666666667E9 star.gif
-4.55E10 0.0 0.0 -114862.5552275701 6.593406593406593E9 star.gif
-4.6E10 0.0 0.0 -114236.59658795863 6.521739130434783E9 star.gif
-4.65E10 0.0 0.0 -113620.76139225102 6.451612903225806E9 star.gif
-4.7E10 0.0 0.0 -113014.77967740288 6.382978723404255E9 star.gif
-4.75E10 0.0 0.0 -112418.39145283171 6.315789473684211E9 star.gif
-4.8E10 0.0 0.0 -111831.34623172521 6.25E9 star.gif
-4.85E10 0.0 0.0 -111253.4025889944 6.1855670103092785E9 star.gif
-4.9E10 0.0 0.0 -110684.32774409965 6.122448979591837E9 star.gif
-4.95E10 0.0 0.0 -110123.89716711231 6.060606060606061E9 star.gif
-5.0E10 0.0 0.0 -109571.89420649805 6.0E9 star.gif
-5.05E10 0.0 0.0 -109028.10973722 5.940594059405941E9 star.gif
-5.1E10 0.0 0.0 -108492.34182786413 5.882352941176471E9 star.gif
-5.15E10 0.0 0.0 -107964.39542558302 5.825242718446602E9 star.gif
-5.2E10 0.0 0.0 -107444.08205774188 5.769230769230769E9 star.gif
-5.25E10 0.0 0.0 -106931.2195492304 5.714285714285714E9 star.gif
-5.3E10 0.0 0.0 -106425.63175447738 5.660377358490566E9 star.gif
-5.35E10 0.0 0.0 -105927.14830327281 5.607476635514019E9 star.gif
-5.4E10 0.0 0.0 -105435.60435956474 5.555555555555555E9 star.gif
-5.45E10 0.0 0.0 -104950.84039245502 5.504587155963303E9 star.gif
-5.5E10 0.0 0.0 -104472.70195867174 5.454545454545455E9 star.gif
-5.55E10 0.0 0.0 -104001.03949584454 5.405405405405405E9 star.gif
-5.6E10 0.0 0.0 -103535.70812595458 5.357142857142858E9 star.gif
-5.65E10 0.0 0.0 -103076.5674683725 5.309734513274336E9 star.gif
-5.7E10 0.0 0.0 -102623.48146193649 5.263157894736842E9 star.gif
-5.75E10 0.0 0.0 -102176.3181955584 5.217391304347826E9 star.gif
-5.8E10 0.0 0.0 -101734.94974687902 5.172413793103448E9 star.gif
-5.85E10 0.0 0.0 -101299.25202852419 5.128205128205129E9 star.gif
-5.9E10 0.0 0.0 -100869.10464154245 5.084745762711864E9 star.gif
-5.95E10 0.0 0.0 -100444.39073563092 5.042016806722689E9 star.gif
-6.0E10 0.0 0.0 -100024.99687578101 5.0E9 star.gif
-6.05E10 0.0 0.0 -99610.81291499823 4.958677685950413E9 star.gif
-6.1E10 0.0 0.0 -99201.73187277214 4.918032786885246E9 star.gif
-6.15E10 0.0 0.0 -98797.64981899163 4.878048780487804E9 star.gif
-6.2E10 0.0 0.0 -98398.46576301954 4.838709677419354E9 star.gif
-6.25E10 0.0 0.0 -98004.081547658 4.8E9 star.gif
-6.3E10 0.0 0.0 -97614.40174775149 4.761904761904762E9 star.gif
-6.35E10 0.0 0.0 -97229.33357318981 4.724409448818897E9 star.gif
-6.4E10 0.0 0.0 -96848.78677608719 4.6875E9 star.gif
-6.45E10 0.0 0.0 -96472.67356192657 4.651162790697675E9 star.gif
-6.5E10 0.0 0.0 -96100.90850447053 4.615384615384615E9 star.gif
-6.55E10 0.0 0.0 -95733.40846425142 4.580152671755725E9 star.gif
-6.6E10 0.0 0.0 -95370.09251046444 4.545454545454545E9 star.gif
-6.65E10 0.0 0.0 -95010.88184609661 4.511278195488722E9 star.gif
-6.7E10 0.0 0.0 -94655.69973613482 4.477611940298508E9 star.gif
-6.75E10 0.0 0.0 -94304.47143870397 4.444444444444445E9 star.gif
-6.8E10 0.0 0.0 -93957.12413899538 4.411764705882353E9 star.gif
-6.85E10 0.0 0.0 -93613.5868858524 4.37956204379562E9 star.gif
-6.9E10 0.0 0.0 -93273.79053088815 4.347826086956522E9 star.gif
-6.95E10 0.0 0.0 -92937.66767001658 4.316546762589928E9 star.gif
-7.0E10 0.0 0.0 -92605.15258728473 4.285714285714286E9 star.gif
-7.05E10 0.0 0.0 -92276.18120089971 4.25531914893617E9 star.gif
-7.1E10 0.0 0.0 -91950.69101135015 4.2253521126760564E9 star.gif
-7.15E10 0.0 0.0 -91628.62105152622 4.195804195804196E9 star.gif
-7.2E10 0.0 0.0 -91309.91183874838 4.1666666666666665E9 star.gif
-7.25E10 0.0 0.0 -90994.5053286186 4.1379310344827585E9 star.gif
-7.3E10 0.0 0.0 -90682.34487061347 4.1095890410958905E9 star.gif
-7.35E10 0.0 0.0 -90373.3751653412 4.0816326530612245E9 star.gif
-7.4E10 0.0 0.0 -90067.54222339012 4.0540540540540543E9 star.gif
-7.45E10 0.0 0.0 -89764.79332569851 4.026845637583893E9 star.gif
-7.5E10 0.0 0.0 -89465.07698538016 4.0E9 star.gif
-7.55E10 0.0 0.0 -89168.34291094258 3.9735099337748346E9 star.gif
-7.6E10 0.0 0.0 -88874.5419708384 3.9473684210526314E9 star.gif
-7.65E10 0.0 0.0 -88583.62615929318 3.92156862745098E9 star.gif
-7.7E10 0.0 0.0 -88295.54856335565 3.896103896103896E9 star.gif
-7.75E10 0.0 0.0 -88010.26333111897 3.870967741935484E9 star.gif
-7.8E10 0.0 0.0 -87727.72564106427 3.8461538461538463E9 star.gif
-7.85E10 0.0 0.0 -87447.89167247992 3.821656050955414E9 star.gif
-7.9E10 0.0 0.0 -87170.718576912 3.79746835443038E9 star.gif
-7.95E10 0.0 0.0 -86896.164450604 3.7735849056603775E9 star.gif
-8.0E10 0.0 0.0 -86624.18830788546 3.75E9 star.gif
-8.05E10 0.0 0.0 -86354.75005547094 3.7267080745341616E9 star.gif
-8.1E10 0.0 0.0 -86087.81046763305 3.703703703703704E9 star.gif
-8.15E10 0.0 0.0 -85823.33116221451 3.6809815950920243E9 star.gif
-8.2E10 0.0 0.0 -85561.2745774458 3.658536585365854E9 star.gif
-8.25E10 0.0 0.0 -85301.60394953682 3.6363636363636365E9 star.gif
-8.3E10 0.0 0.0 -85044.28329101215 3.614457831325301E9 star.gif
-8.35E10 0.0 0.0 -84789.27736976078 3.592814371257485E9 star.gif
-8.4E10 0.0 0.0 -84536.5516887729 3.571428571428571E9 star.gif
-8.45E10 0.0 0.0 -84286.07246653695 3.550295857988166E9 star.gif
-8.5E10 0.0 0.0 -84037.80661807203 3.5294117647058825E9 star.gif
-8.55E10 0.0 0.0 -83791.72173657101 3.5087719298245616E9 star.gif
-8.6E10 0.0 0.0 -83547.7860756318 3.488372093023256E9 star.gif
-8.65E10 0.0 0.0 -83305.96853205407 3.468208092485549E9 star.gif
-8.7E10 0.0 0.0 -83066.23862918075 3.4482758620689654E9 star.gif
-8.75E10 0.0 0.0 -82828.56650076366 3.428571428571429E9 star.gif
-8.8E10 0.0 0.0 -82592.92287533423 3.409090909090909E9 star.gif
-8.85E10 0.0 0.0 -82359.27906106043 3.3898305084745765E9 star.gif
-8.9E10 0.0 0.0 -82127.60693107233 3.3707865168539324E9 star.gif
-8.95E10 0.0 0.0 -81897.87890923917 3.35195530726257E9 star.gif
-9.0E10 0.0 0.0 -81670.06795638167 3.3333333333333335E9 star.gif
-9.05E10 0.0 0.0 -81444.1475569038 3.314917127071823E9 star.gif
-9.1E10 0.0 0.0 -81220.09170582915 3.2967032967032967E9 star.gif
-9.15E10 0.0 0.0 -80997.87489622748 3.2786885245901637E9 star.gif
-9.2E10 0.0 0.0 -80777.47210701756 3.2608695652173915E9 star.gif
-9.25E10 0.0 0.0 -80558.85879113314 3.243243243243243E9 star.gif
-9.3E10 0.0 0.0 -80342.01086403937 3.225806451612903E9 star.gif
-9.35E10 0.0 0.0 -80126.90469258733 3.2085561497326202E9 star.gif
-9.4E10 0.0 0.0 -79913.51708419519 3.1914893617021275E9 star.gif
-9.45E10 0.0 0.0 -79701.82527634453 3.1746031746031747E9 star.gif
-9.5E10 0.0 0.0 -79491.80692638112 3.1578947368421054E9 star.gif
-9.55E10 0.0 0.0 -79283.4401016098 3.1413612565445027E9 star.gif
-9.6E10 0.0 0.0 -79076.70326967356 3.125E9 star.gif
-9.65E10 0.0 0.0 -78871.57528920693 3.1088082901554403E9 star.gif
-9.7E10 0.0 0.0 -78668.03540075495 3.0927835051546392E9 star.gif
-9.75E10 0.0 0.0 -78466.06321794841 3.076923076923077E9 star.gif
-9.8E10 0.0 0.0 -78265.63871892718 3.0612244897959185E9 star.gif
-9.85E10 0.0 0.0 -78066.74223800313 3.045685279187817E9 star.gif
-9.9E10 0.0 0.0 -77869.35445755515 3.0303030303030305E9 star.gif
-9.95E10 0.0 0.0 -77673.45640014824 3.0150753768844223E9 star.gif
-2.5E11 0.0 0.0 -49002.040773829 1.2E9 star.gif
5.0E8 0.0 0.0 1095718.9420649805 6.0E11 star.gif
1.0E9 0.0 0.0 774790.2942086975 3.0E11 star.gif
1.5E9 0.0 0.0 632613.6261573884 2.0E11 star.gif
2.0E9 0.0 0.0 547859.4710324903 1.5E11 star.gif
2.5E9 0.0 0.0 490020.40773829 1.2E11 star.gif
3.0E9 0.0 0.0 447325.38492690085 1.0E11 star.gif
3.5E9 0.0 0.0 414142.8325038183 8.571428571428572E10 star.gif
4.0E9 0.0 0.0 387395.14710434875 7.5E10 star.gif
4.5E9 0.0 0.0 365239.6473549935 6.6666666666666664E10 star.gif
5.0E9 0.0 0.0 346496.75323154184 6.0E10 star.gif
5.5E9 0.0 0.0 330371.6915013369 5.4545454545454544E10 star.gif
6.0E9 0.0 0.0 316306.8130786942 5.0E10 star.gif
6.5E9 0.0 0.0 303897.7560855726 4.615384615384615E10 star.gif
7.0E9 0.0 0.0 292843.20524325443 4.285714285714286E10 star.gif
7.5E9 0.0 0.0 282913.41431611194 4.0E10 star.gif
8.0E9 0.0 0.0 273929.7355162451 3.75E10 star.gif
8.5E9 0.0 0.0 265750.87847787957 3.529411764705882E10 star.gif
9.0E9 0.0 0.0 258263.43140289915 3.3333333333333332E10 star.gif
9.5E9 0.0 0.0 251375.16520971304 3.157894736842105E10 star.gif
1.0E10 0.0 0.0 245010.203869145 3.0E10 star.gif
1.05E10 0.0 0.0 239105.47582903362 2.857142857142857E10 star.gif
1.1E10 0.0 0.0 233608.06337266543 2.7272727272727272E10 star.gif
1.15E10 0.0 0.0 228473.19317591726 2.6086956521739132E10 star.gif
1.2E10 0.0 0.0 223662.69246345042 2.5E10 star.gif
1.25E10 0.0 0.0 219143.7884129961 2.4E10 star.gif
1.3E10 0.0 0.0 214888.16411548376 2.3076923076923077E10 star.gif
1.35E10 0.0 0.0 210871.20871912947 2.222222222222222E10 star.gif
1.4E10 0.0 0.0 207071.41625190916 2.142857142857143E10 star.gif
1.45E10 0.0 0.0 203469.89949375804 2.068965517241379E10 star.gif
1.5E10 0.0 0.0 200049.99375156203 2.0E10 star.gif
1.55E10 0.0 0.0 196796.9315260391 1.9354838709677418E10 star.gif
1.6E10 0.0 0.0 193697.57355217438 1.875E10 star.gif
1.65E10 0.0 0.0 190740.18502092888 1.818181818181818E10 star.gif
1.7E10 0.0 0.0 187914.24827799076 1.764705882352941E10 star.gif
1.75E10 0.0 0.0 185210.30517456945 1.7142857142857143E10 star.gif
1.8E10 0.0 0.0 182619.82367749675 1.6666666666666666E10 star.gif
1.85E10 0.0 0.0 180135.08444678024 1.6216216216216217E10 star.gif
1.9E10 0.0 0.0 177749.0839416768 1.5789473684210526E10 star.gif
1.95E10 0.0 0.0 175455.45128212855 1.5384615384615385E10 star.gif
2.0E10 0.0 0.0 173248.37661577092 1.5E10 star.gif
2.05E10 0.0 0.0 171122.5491548916 1.4634146341463415E10 star.gif
2.1E10 0.0 0.0 169073.1033775458 1.4285714285714285E10 star.gif
2.15E10 0.0 0.0 167095.5721512636 1.3953488372093023E10 star.gif
2.2E10 0.0 0.0 165185.84575066846 1.3636363636363636E10 star.gif
2.25E10 0.0 0.0 163340.13591276333 1.3333333333333334E10 star.gif
2.3E10 0.0 0.0 161554.94421403512 1.3043478260869566E10 star.gif
2.35E10 0.0 0.0 159827.03416839038 1.276595744680851E10 star.gif
2.4E10 0.0 0.0 158153.4065393471 1.25E10 star.gif
2.45E10 0.0 0.0 156531.27743785435 1.2244897959183674E10 star.gif
2.5E10 0.0 0.0 154958.0588417395 1.2E10 star.gif
2.55E10 0.0 0.0 153431.3412265833 1.1764705882352942E10 star.gif
2.6E10 0.0 0.0 151948.8780427863 1.1538461538461538E10 star.gif
2.65E10 0.0 0.0 150508.57181130664 1.1320754716981133E10 star.gif
2.7E10 0.0 0.0 149108.46164230027 1.111111111111111E10 star.gif
2.75E10 0.0 0.0 147746.71200771577 1.090909090909091E10 star.gif
2.8E10 0.0 0.0 146421.60262162721 1.0714285714285715E10 star.gif
2.85E10 0.0 0.0 145131.5193014145 1.0526315789473684E10 star.gif
2.9E10 0.0 0.0 143874.94569938158 1.0344827586206896E10 star.gif
2.95E10 0.0 0.0 142650.45580850026 1.0169491525423729E10 star.gif
3.0E10 0.0 0.0 141456.70715805597 1.0E10 star.gif
3.05E10 0.0 0.0 140292.4346253737 9.836065573770493E9 star.gif
3.1E10 0.0 0.0 139156.4447987669 9.677419354838709E9 star.gif
3.15E10 0.0 0.0 138047.6108346061 9.523809523809525E9 star.gif
3.2E10 0.0 0.0 136964.86775812256 9.375E9 star.gif
3.25E10 0.0 0.0 135907.2081633981 9.23076923076923E9 star.gif
3.3E10 0.0 0.0 134873.67827307555 9.09090909090909E9 star.gif
3.35E10 0.0 0.0 133863.37432275727 8.955223880597015E9 star.gif
3.4E10 0.0 0.0 132875.43923893978 8.823529411764706E9 star.gif
3.45E10 0.0 0.0 131909.05958272918 8.695652173913044E9 star.gif
3.5E10 0.0 0.0 130963.46273456796 8.571428571428572E9 star.gif
3.55E10 0.0 0.0 130037.91429782922 8.450704225352113E9 star.gif
3.6E10 0.0 0.0 129131.71570144958 8.333333333333333E9 star.gif
3.65E10 0.0 0.0 128244.20198381583 8.219178082191781E9 star.gif
3.7E10 0.0 0.0 127374.73974192969 8.1081081081081085E9 star.gif
3.75E10 0.0 0.0 126522.72523147769 8.0E9 star.gif
3.8E10 0.0 0.0 125687.58260485652 7.894736842105263E9 star.gif
3.85E10 0.0 0.0 124868.76227546981 7.792207792207792E9 star.gif
3.9E10 0.0 0.0 124065.73939773902 7.692307692307693E9 star.gif
3.95E10 0.0 0.0 123278.01245327725 7.59493670886076E9 star.gif
4.0E10 0.0 0.0 122505.1019345725 7.5E9 star.gif
4.05E10 0.0 0.0 121746.54911833115 7.407407407407408E9 star.gif
4.1E10 0.0 0.0 121001.91492135216 7.317073170731708E9 star.gif
4.15E10 0.0 0.0 120270.77883244897 7.228915662650602E9 star.gif
4.2E10 0.0 0.0 119552.73791451681 7.142857142857142E9 star.gif
4.25E10 0.0 0.0 118847.4058713649 7.058823529411765E9 star.gif
4.3E10 0.0 0.0 118154.41217440451 6.976744186046512E9 star.gif
4.35E10 0.0 0.0 117473.4012447073 6.896551724137931E9 star.gif
4.4E10 0.0 0.0 116804.03168633272 6.818181818181818E9 star.gif
4.45E10 0.0 0.0 116145.97556716908 6.741573033707865E9 star.gif
4.5E10 0.0 0.0 115498.91774384728 6.666666666666667E9 star.gif
4.55E10 0.0 0.0 114862.5552275701 6.593406593406593E9 star.gif
4.6E10 0.0 0.0 114236.59658795863 6.521739130434783E9 star.gif
4.65E10 0.0 0.0 113620.76139225102 6.451612903225806E9 star.gif
4.7E10 0.0 0.0 113014.77967740288 6.382978723404255E9 star.gif
4.75E10 0.0 0.0 112418.39145283171 6.315789473684211E9 star.gif
4.8E10 0.0 0.0 111831.34623172521 6.25E9 star.gif
4.85E10 0.0 0.0 111253.4025889944 6.1855670103092785E9 star.gif
4.9E10 0.0 0.0 110684.32774409965 6.122448979591837E9 star.gif
4.95E10 0.0 0.0 110123.89716711231 6.060606060606061E9 star.gif
5.0E10 0.0 0.0 109571.89420649805 6.0E9 star.gif
5.05E10 0.0 0.0 109028.10973722 5.940594059405941E9 star.gif
5.1E10 0.0 0.0 108492.34182786413 5.882352941176471E9 star.gif
5.15E10 0.0 0.0 107964.39542558302 5.825242718446602E9 star.gif
5.2E10 0.0 0.0 107444.08205774188 5.769230769230769E9 star.gif
5.25E10 0.0 0.0 106931.2195492304 5.714285714285714E9 star.gif
5.3E10 0.0 0.0 106425.63175447738 5.660377358490566E9 star.gif
5.35E10 0.0 0.0 105927.14830327281 5.607476635514019E9 star.gif
5.4E10 0.0 0.0 105435.60435956474 5.555555555555555E9 star.gif
5.45E10 0.0 0.0 104950.84039245502 5.504587155963303E9 star.gif
5.5E10 0.0 0.0 104472.70195867174 5.454545454545455E9 star.gif
5.55E10 0.0 0.0 104001.03949584454 5.405405405405405E9 star.gif
5.6E10 0.0 0.0 103535.70812595458 5.357142857142858E9 star.gif
5.65E10 0.0 0.0 103076.5674683725 5.309734513274336E9 star.gif
5.7E10 0.0 0.0 102623.48146193649 5.263157894736842E9 star.gif
5.75E10 0.0 0.0 102176.3181955584 5.217391304347826E9 star.gif
5.8E10 0.0 0.0 101734.94974687902 5.172413793103448E9 star.gif
5.85E10 0.0 0.0 101299.25202852419 5.128205128205129E9 star.gif
5.9E10 0.0 0.0 100869.10464154245 5.084745762711864E9 star.gif
5.95E10 0.0 0.0 100444.39073563092 5.042016806722689E9 star.gif
6.0E10 0.0 0.0 100024.99687578101 5.0E9 star.gif
6.05E10 0.0 0.0 99610.81291499823 4.958677685950413E9 star.gif
6.1E10 0.0 0.0 99201.73187277214 4.918032786885246E9 star.gif
6.15E10 0.0 0.0 98797.64981899163 4.878048780487804E9 star.gif
6.2E10 0.0 0.0 98398.46576301954 4.838709677419354E9 star.gif
6.25E10 0.0 0.0 98004.081547658 4.8E9 star.gif
6.3E10 0.0 0.0 97614.40174775149 4.761904761904762E9 star.gif
6.35E10 0.0 0.0 97229.33357318981 4.724409448818897E9 star.gif
6.4E10 0.0 0.0 96848.78677608719 4.6875E9 star.gif
6.45E10 0.0 0.0 96472.67356192657 4.651162790697675E9 star.gif
6.5E10 0.0 0.0 96100.90850447053 4.615384615384615E9 star.gif
6.55E10 0.0 0.0 95733.40846425142 4.580152671755725E9 star.gif
6.6E10 0.0 0.0 95370.09251046444 4.545454545454545E9 star.gif
6.65E10 0.0 0.0 95010.88184609661 4.511278195488722E9 star.gif
6.7E10 0.0 0.0 94655.69973613482 4.477611940298508E9 star.gif
6.75E10 0.0 0.0 94304.47143870397 4.444444444444445E9 star.gif
6.8E10 0.0 0.0 93957.12413899538 4.411764705882353E9 star.gif
6.85E10 0.0 0.0 93613.5868858524 4.37956204379562E9 star.gif
6.9E10 0.0 0.0 93273.79053088815 4.347826086956522E9 star.gif
6.95E10 0.0 0.0 92937.66767001658 4.316546762589928E9 star.gif
7.0E10 0.0 0.0 92605.15258728473 4.285714285714286E9 star.gif
7.05E10 0.0 0.0 92276.18120089971 4.25531914893617E9 star.gif
7.1E10 0.0 0.0 91950.69101135015 4.2253521126760564E9 star.gif
7.15E10 0.0 0.0 91628.62105152622 4.195804195804196E9 star.gif
7.2E10 0.0 0.0 91309.91183874838 4.1666666666666665E9 star.gif
7.25E10 0.0 0.0 90994.5053286186 4.1379310344827585E9 star.gif
7.3E10 0.0 0.0 90682.34487061347 4.1095890410958905E9 star.gif
7.35E10 0.0 0.0 90373.3751653412 4.0816326530612245E9 star.gif
7.4E10 0.0 0.0 90067.54222339012 4.0540540540540543E9 star.gif
7.45E10 0.0 0.0 89764.79332569851 4.026845637583893E9 star.gif
7.5E10 0.0 0.0 89465.07698538016 4.0E9 star.gif
7.55E10 0.0 0.0 89168.34291094258 3.9735099337748346E9 star.gif
7.6E10 0.0 0.0 88874.5419708384 3.9473684210526314E9 star.gif
7.65E10 0.0 0.0 88583.62615929318 3.92156862745098E9 star.gif
7.7E10 0.0 0.0 88295.54856335565 3.896103896103896E9 star.gif
7.75E10 0.0 0.0 88010.26333111897 3.870967741935484E9 star.gif
7.8E10 0.0 0.0 87727.72564106427 3.8461538461538463E9 star.gif
7.85E10 0.0 0.0 87447.89167247992 3.821656050955414E9 star.gif
7.9E10 0.0 0.0 87170.718576912 3.79746835443038E9 star.gif
7.95E10 0.0 0.0 86896.164450604 3.7735849056603775E9 star.gif
8.0E10 0.0 0.0 86624.18830788546 3.75E9 star.gif
8.05E10 0.0 0.0 86354.75005547094 3.7267080745341616E9 star.gif
8.1E10 0.0 0.0 86087.81046763305 3.703703703703704E9 star.gif
8.15E10 0.0 0.0 85823.33116221451 3.6809815950920243E9 star.gif
8.2E10 0.0 0.0 85561.2745774458 3.658536585365854E9 star.gif
8.25E10 0.0 0.0 85301.60394953682 3.6363636363636365E9 star.gif
8.3E10 0.0 0.0 85044.28329101215 3.614457831325301E9 star.gif
8.35E10 0.0 0.0 84789.27736976078 3.592814371257485E9 star.gif
8.4E10 0.0 0.0 84536.5516887729 3.571428571428571E9 star.gif
8.45E10 0.0 0.0 84286.07246653695 3.550295857988166E9 star.gif
8.5E10 0.0 0.0 84037.80661807203 3.5294117647058825E9 star.gif
8.55E10 0.0 0.0 83791.72173657101 3.5087719298245616E9 star.gif
8.6E10 0.0 0.0 83547.7860756318 3.488372093023256E9 star.gif
8.65E10 0.0 0.0 83305.96853205407 3.468208092485549E9 star.gif
8.7E10 0.0 0.0 83066.23862918075 3.4482758620689654E9 star.gif
8.75E10 0.0 0.0 82828.56650076366 3.428571428571429E9 star.gif
8.8E10 0.0 0.0 82592.92287533423 3.409090909090909E9 star.gif
8.85E10 0.0 0.0 82359.27906106043 3.3898305084745765E9 star.gif
8.9E10 0.0 0.0 82127.60693107233 3.3707865168539324E9 star.gif
8.95E10 0.0 0.0 81897.87890923917 3.35195530726257E9 star.gif
9.0E10 0.0 0.0 81670.06795638167 3.3333333333333335E9 star.gif
9.05E10 0.0 0.0 81444.1475569038 3.314917127071823E9 star.gif
9.1E10 0.0 0.0 81220.09170582915 3.2967032967032967E9 star.gif
9.15E10 0.0 0.0 80997.87489622748 3.2786885245901637E9 star.gif
9.2E10 0.0 0.0 80777.47210701756 3.2608695652173915E9 star.gif
9.25E10 0.0 0.0 80558.85879113314 3.243243243243243E9 star.gif
9.3E10 0.0 0.0 80342.01086403937 3.225806451612903E9 star.gif
9.35E10 0.0 0.0 80126.90469258733 3.2085561497326202E9 star.gif
9.4E10 0.0 0.0 79913.51708419519 3.1914893617021275E9 star.gif
9.45E10 0.0 0.0 79701.82527634453 3.1746031746031747E9 star.gif
9.5E10 0.0 0.0 79491.80692638112 3.1578947368421054E9 star.gif
9.55E10 0.0 0.0 79283.4401016098 3.1413612565445027E9 star.gif
9.6E10 0.0 0.0 79076.70326967356 3.125E9 star.gif
9.65E10 0.0 0.0 78871.57528920693 3.1088082901554403E9 star.gif
9.7E10 0.0 0.0 78668.03540075495 3.0927835051546392E9 star.gif
9.75E10 0.0 0.0 78466.06321794841 3.076923076923077E9 star.gif
9.8E10 0.0 0.0 78265.63871892718 3.0612244897959185E9 star.gif
9.85E10 0.0 0.0 78066.74223800313 3.045685279187817E9 star.gif
9.9E10 0.0 0.0 77869.35445755515 3.0303030303030305E9 star.gif
9.95E10 0.0 0.0 77673.45640014824 3.0150753768844223E9 star.gif


Creator of universe: Matt Tilghman, COS 126, Spring 2006

Spiral formation of a galaxy slowly change into more of a cluster
from the inside-out. 
